20110429070000,81.552,81.552,81.545,81.547
20110429070100,81.547,81.559,81.547,81.559
20110429070200,81.559,81.560,81.556,81.560
20110429070300,81.560,81.562,81.560,81.561
20110429070400,81.561,81.562,81.561,81.562
20110429070500,81.562,81.572,81.560,81.572
20110429070600,81.577,81.584,81.574,81.577
20110429070700,81.577,81.608,81.577,81.607
20110429070800,81.609,81.610,81.603,81.605
20110429070900,81.605,81.607,81.601,81.607
20110429071000,81.607,81.617,81.605,81.613
20110429071100,81.613,81.646,81.612,81.646
20110429071200,81.646,81.646,81.623,81.623
20110429071300,81.623,81.624,81.622,81.623
20110429071400,81.623,81.635,81.623,81.634
20110429071500,81.634,81.641,81.634,81.636
20110429071600,81.635,81.636,81.626,81.628
20110429071700,81.628,81.650,81.628,81.650
20110429071800,81.650,81.650,81.647,81.650
20110429071900,81.649,81.649,81.636,81.637
20110429072000,81.637,81.648,81.636,81.648
20110429072100,81.648,81.648,81.642,81.643
20110429072200,81.644,81.644,81.638,81.640
20110429072300,81.640,81.640,81.633,81.638
20110429072400,81.638,81.638,81.627,81.627
20110429072500,81.627,81.627,81.621,81.625
20110429072600,81.625,81.625,81.625,81.625
20110429072700,81.625,81.625,81.624,81.624
20110429072800,81.624,81.624,81.610,81.610
20110429072900,81.609,81.609,81.595,81.597
20110429073000,81.597,81.597,81.590,81.594
20110429073100,81.594,81.598,81.594,81.597
20110429073200,81.597,81.600,81.590,81.590
20110429073300,81.590,81.591,81.583,81.589
20110429073400,81.589,81.590,81.583,81.585
20110429073500,81.585,81.589,81.584,81.589
20110429073600,81.589,81.589,81.589,81.589
20110429073700,81.589,81.589,81.582,81.583
20110429073800,81.583,81.583,81.583,81.583
20110429073900,81.583,81.584,81.583,81.583
20110429074000,81.583,81.583,81.583,81.583
20110429074100,81.583,81.584,81.583,81.583
20110429074200,81.583,81.583,81.581,81.581
20110429074300,81.581,81.581,81.557,81.567
20110429074400,81.567,81.567,81.564,81.564
20110429074500,81.566,81.567,81.566,81.567
20110429074600,81.567,81.567,81.567,81.567
20110429074700,81.567,81.567,81.550,81.551
20110429074800,81.551,81.553,81.551,81.553
20110429074900,81.553,81.553,81.553,81.553
20110429075000,81.553,81.554,81.552,81.552
20110429075100,81.552,81.554,81.550,81.553
20110429075200,81.553,81.553,81.551,81.553
20110429075300,81.553,81.553,81.513,81.515
20110429075400,81.515,81.534,81.512,81.534
20110429075500,81.535,81.541,81.534,81.541
20110429075600,81.541,81.542,81.540,81.541
20110429075700,81.541,81.541,81.541,81.541
20110429075800,81.541,81.542,81.541,81.542
20110429075900,81.542,81.542,81.542,81.542
20110429080000,81.542,81.556,81.542,81.556
20110429080100,81.556,81.560,81.552,81.554
20110429080200,81.554,81.554,81.553,81.554
20110429080300,81.554,81.554,81.554,81.554
20110429080400,81.554,81.554,81.554,81.554
20110429080500,81.554,81.574,81.554,81.573
20110429080600,81.574,81.574,81.574,81.574
20110429080700,81.574,81.579,81.573,81.579
20110429080800,81.579,81.583,81.579,81.582
20110429080900,81.582,81.582,81.581,81.582
20110429081000,81.582,81.612,81.582,81.611
20110429081100,81.607,81.607,81.606,81.607
20110429081200,81.607,81.607,81.606,81.607
20110429081300,81.607,81.607,81.602,81.603
20110429081400,81.603,81.604,81.602,81.603
20110429081500,81.603,81.603,81.603,81.603
20110429081600,81.603,81.604,81.603,81.604
20110429081700,81.604,81.604,81.598,81.602
20110429081800,81.602,81.602,81.601,81.601
20110429081900,81.601,81.603,81.601,81.602
20110429082000,81.602,81.603,81.601,81.601
20110429082100,81.601,81.601,81.599,81.601
20110429082200,81.600,81.601,81.600,81.601
20110429082300,81.601,81.601,81.593,81.598
20110429082400,81.597,81.598,81.592,81.596
20110429082500,81.596,81.596,81.572,81.572
20110429082600,81.572,81.572,81.563,81.563
20110429082700,81.563,81.564,81.562,81.564
20110429082800,81.562,81.562,81.553,81.553
20110429082900,81.553,81.553,81.539,81.539
20110429083000,81.533,81.533,81.519,81.531
20110429083100,81.531,81.552,81.531,81.552
20110429083200,81.552,81.577,81.552,81.577
20110429083300,81.577,81.586,81.576,81.585
20110429083400,81.585,81.586,81.583,81.586
20110429083500,81.586,81.586,81.578,81.581
20110429083600,81.581,81.581,81.580,81.581
20110429083700,81.581,81.583,81.581,81.583
20110429083800,81.583,81.583,81.582,81.583
20110429083900,81.583,81.593,81.581,81.591
20110429084000,81.591,81.602,81.590,81.602
20110429084100,81.602,81.617,81.602,81.617
20110429084200,81.617,81.628,81.617,81.620
20110429084300,81.620,81.621,81.619,81.621
20110429084400,81.621,81.629,81.618,81.629
20110429084500,81.629,81.631,81.629,81.630
20110429084600,81.631,81.631,81.620,81.620
20110429084700,81.620,81.621,81.608,81.608
20110429084800,81.608,81.608,81.553,81.583
20110429084900,81.575,81.578,81.567,81.572
20110429085000,81.572,81.587,81.572,81.587
20110429085100,81.586,81.589,81.581,81.584
20110429085200,81.584,81.584,81.581,81.581
20110429085300,81.581,81.598,81.581,81.598
20110429085400,81.598,81.604,81.590,81.593
20110429085500,81.593,81.594,81.593,81.594
20110429085600,81.591,81.591,81.589,81.591
20110429085700,81.591,81.608,81.591,81.607
20110429085800,81.607,81.620,81.605,81.620
20110429085900,81.620,81.620,81.613,81.613
20110429090000,81.613,81.613,81.584,81.585
20110429090100,81.586,81.598,81.586,81.592
20110429090200,81.592,81.593,81.590,81.593
20110429090300,81.589,81.589,81.560,81.570
20110429090400,81.570,81.581,81.566,81.581
20110429090500,81.581,81.589,81.581,81.589
20110429090600,81.588,81.588,81.564,81.564
20110429090700,81.564,81.568,81.560,81.568
20110429090800,81.568,81.568,81.566,81.566
20110429090900,81.565,81.579,81.564,81.579
20110429091000,81.579,81.579,81.573,81.574
20110429091100,81.574,81.574,81.571,81.571
20110429091200,81.571,81.571,81.552,81.552
20110429091300,81.552,81.562,81.552,81.553
20110429091400,81.553,81.556,81.553,81.555
20110429091500,81.555,81.577,81.555,81.561
20110429091600,81.561,81.565,81.561,81.565
20110429091700,81.565,81.578,81.563,81.578
20110429091800,81.578,81.578,81.574,81.574
20110429091900,81.574,81.590,81.569,81.590
20110429092000,81.590,81.591,81.589,81.590
20110429092100,81.590,81.590,81.588,81.588
20110429092200,81.588,81.589,81.571,81.579
20110429092300,81.579,81.580,81.579,81.579
20110429092400,81.579,81.579,81.579,81.579
20110429092500,81.579,81.580,81.578,81.578
20110429092600,81.578,81.579,81.578,81.578
20110429092700,81.578,81.580,81.578,81.580
20110429092800,81.580,81.580,81.579,81.579
20110429092900,81.579,81.579,81.565,81.565
20110429093000,81.565,81.565,81.558,81.558
20110429093100,81.558,81.559,81.553,81.554
20110429093200,81.554,81.555,81.543,81.546
20110429093300,81.546,81.546,81.532,81.544
20110429093400,81.544,81.544,81.539,81.539
20110429093500,81.539,81.565,81.539,81.564
20110429093600,81.564,81.564,81.556,81.557
20110429093700,81.557,81.558,81.557,81.558
20110429093800,81.558,81.558,81.557,81.557
20110429093900,81.557,81.560,81.555,81.555
20110429094000,81.555,81.555,81.550,81.554
20110429094100,81.555,81.558,81.555,81.557
20110429094200,81.557,81.558,81.555,81.555
20110429094300,81.555,81.555,81.554,81.554
20110429094400,81.554,81.556,81.554,81.554
20110429094500,81.554,81.565,81.553,81.560
20110429094600,81.560,81.563,81.560,81.563
20110429094700,81.563,81.564,81.560,81.563
20110429094800,81.563,81.563,81.550,81.550
20110429094900,81.550,81.550,81.539,81.540
20110429095000,81.539,81.540,81.521,81.521
20110429095100,81.521,81.521,81.513,81.519
20110429095200,81.520,81.520,81.491,81.491
20110429095300,81.489,81.509,81.484,81.509
20110429095400,81.508,81.517,81.488,81.510
20110429095500,81.510,81.533,81.508,81.533
20110429095600,81.533,81.533,81.521,81.522
20110429095700,81.522,81.522,81.520,81.520
20110429095800,81.520,81.521,81.519,81.521
20110429095900,81.521,81.521,81.507,81.519
20110429100000,81.516,81.523,81.515,81.521
20110429100100,81.521,81.534,81.517,81.522
20110429100200,81.522,81.523,81.516,81.516
20110429100300,81.516,81.524,81.515,81.524
20110429100400,81.530,81.544,81.530,81.544
20110429100500,81.544,81.550,81.543,81.550
20110429100600,81.550,81.564,81.545,81.563
20110429100700,81.564,81.567,81.553,81.553
20110429100800,81.553,81.553,81.545,81.551
20110429100900,81.551,81.555,81.539,81.542
20110429101000,81.542,81.544,81.540,81.542
20110429101100,81.542,81.550,81.540,81.540
20110429101200,81.540,81.540,81.531,81.535
20110429101300,81.535,81.541,81.535,81.541
20110429101400,81.541,81.553,81.541,81.544
20110429101500,81.544,81.545,81.528,81.528
20110429101600,81.529,81.529,81.516,81.516
20110429101700,81.516,81.519,81.512,81.514
20110429101800,81.514,81.541,81.514,81.541
20110429101900,81.539,81.539,81.538,81.539
20110429102000,81.539,81.539,81.516,81.517
20110429102100,81.516,81.516,81.499,81.513
20110429102200,81.513,81.527,81.513,81.527
20110429102300,81.527,81.528,81.525,81.525
20110429102400,81.526,81.528,81.526,81.527
20110429102500,81.527,81.527,81.492,81.495
20110429102600,81.492,81.493,81.489,81.492
20110429102700,81.492,81.505,81.492,81.505
20110429102800,81.505,81.533,81.501,81.532
20110429102900,81.532,81.532,81.506,81.506
20110429103000,81.506,81.506,81.506,81.506
20110429103100,81.506,81.508,81.484,81.490
20110429103200,81.490,81.531,81.490,81.529
20110429103300,81.529,81.530,81.522,81.522
20110429103400,81.522,81.526,81.522,81.526
20110429103500,81.526,81.526,81.522,81.522
20110429103600,81.522,81.525,81.522,81.525
20110429103700,81.525,81.534,81.525,81.532
20110429103800,81.532,81.532,81.511,81.512
20110429103900,81.512,81.512,81.511,81.511
20110429104000,81.511,81.512,81.511,81.511
20110429104100,81.511,81.511,81.505,81.505
20110429104200,81.505,81.505,81.502,81.502
20110429104300,81.502,81.518,81.498,81.518
20110429104400,81.521,81.538,81.521,81.534
20110429104500,81.534,81.537,81.532,81.532
20110429104600,81.532,81.532,81.525,81.525
20110429104700,81.525,81.528,81.525,81.527
20110429104800,81.527,81.528,81.525,81.525
20110429104900,81.525,81.527,81.521,81.527
20110429105000,81.527,81.538,81.527,81.537
20110429105100,81.537,81.538,81.533,81.533
20110429105200,81.532,81.536,81.531,81.534
20110429105300,81.534,81.535,81.534,81.535
20110429105400,81.534,81.535,81.529,81.530
20110429105500,81.530,81.532,81.529,81.531
20110429105600,81.531,81.531,81.527,81.528
20110429105700,81.528,81.530,81.528,81.530
20110429105800,81.529,81.532,81.528,81.530
20110429105900,81.530,81.531,81.530,81.531
20110429110000,81.531,81.531,81.531,81.531
20110429110100,81.531,81.533,81.531,81.533
20110429110200,81.533,81.536,81.532,81.536
20110429110300,81.536,81.537,81.530,81.532
20110429110400,81.532,81.533,81.530,81.532
20110429110500,81.532,81.533,81.532,81.533
20110429110600,81.533,81.533,81.530,81.530
20110429110700,81.530,81.534,81.530,81.534
20110429110800,81.534,81.539,81.533,81.539
20110429110900,81.539,81.539,81.536,81.536
20110429111000,81.536,81.538,81.536,81.538
20110429111100,81.538,81.539,81.538,81.538
20110429111200,81.538,81.553,81.538,81.553
20110429111300,81.553,81.555,81.547,81.555
20110429111400,81.552,81.567,81.552,81.567
20110429111500,81.567,81.567,81.565,81.566
20110429111600,81.566,81.566,81.566,81.566
20110429111700,81.566,81.568,81.566,81.566
20110429111800,81.566,81.588,81.566,81.588
20110429111900,81.590,81.600,81.585,81.590
20110429112000,81.590,81.590,81.587,81.587
20110429112100,81.587,81.604,81.587,81.602
20110429112200,81.602,81.608,81.602,81.603
20110429112300,81.603,81.606,81.598,81.599
20110429112400,81.600,81.600,81.597,81.599
20110429112500,81.599,81.599,81.598,81.599
20110429112600,81.599,81.600,81.599,81.600
20110429112700,81.600,81.600,81.599,81.599
20110429112800,81.599,81.599,81.595,81.595
20110429112900,81.595,81.597,81.574,81.574
20110429113000,81.572,81.572,81.536,81.543
20110429113100,81.543,81.560,81.543,81.560
20110429113200,81.560,81.560,81.541,81.541
20110429113300,81.541,81.549,81.541,81.549
20110429113400,81.551,81.553,81.551,81.552
20110429113500,81.550,81.550,81.546,81.546
20110429113600,81.546,81.547,81.544,81.545
20110429113700,81.545,81.546,81.545,81.545
20110429113800,81.545,81.556,81.545,81.549
20110429113900,81.549,81.549,81.546,81.547
20110429114000,81.547,81.554,81.546,81.547
20110429114100,81.547,81.547,81.544,81.547
20110429114200,81.547,81.547,81.539,81.539
20110429114300,81.539,81.550,81.537,81.549
20110429114400,81.549,81.554,81.539,81.554
20110429114500,81.554,81.554,81.551,81.551
20110429114600,81.551,81.551,81.515,81.528
20110429114700,81.530,81.538,81.528,81.537
20110429114800,81.537,81.537,81.531,81.531
20110429114900,81.531,81.531,81.521,81.521
20110429115000,81.521,81.523,81.520,81.520
20110429115100,81.520,81.520,81.520,81.520
20110429115200,81.520,81.521,81.520,81.520
20110429115300,81.520,81.538,81.520,81.538
20110429115400,81.538,81.538,81.538,81.538
20110429115500,81.538,81.543,81.537,81.542
20110429115600,81.542,81.543,81.542,81.543
20110429115700,81.543,81.544,81.541,81.541
20110429115800,81.541,81.543,81.540,81.542
20110429115900,81.542,81.542,81.537,81.540
20110429120000,81.540,81.540,81.540,81.540
20110429120100,81.540,81.542,81.540,81.541
20110429120200,81.541,81.565,81.540,81.561
20110429120300,81.561,81.565,81.561,81.563
20110429120400,81.563,81.564,81.561,81.562
20110429120500,81.562,81.562,81.562,81.562
20110429120600,81.562,81.562,81.532,81.543
20110429120700,81.543,81.550,81.543,81.550
20110429120800,81.550,81.550,81.541,81.541
20110429120900,81.541,81.544,81.539,81.542
20110429121000,81.542,81.542,81.542,81.542
20110429121100,81.542,81.542,81.541,81.541
20110429121200,81.541,81.543,81.541,81.543
20110429121300,81.543,81.543,81.543,81.543
20110429121400,81.543,81.543,81.541,81.542
20110429121500,81.542,81.542,81.540,81.540
20110429121600,81.540,81.541,81.539,81.540
20110429121700,81.540,81.540,81.535,81.535
20110429121800,81.534,81.534,81.528,81.528
20110429121900,81.528,81.529,81.528,81.529
20110429122000,81.529,81.531,81.529,81.530
20110429122100,81.532,81.532,81.526,81.531
20110429122200,81.531,81.537,81.530,81.537
20110429122300,81.537,81.543,81.537,81.543
20110429122400,81.543,81.543,81.540,81.541
20110429122500,81.541,81.541,81.533,81.533
20110429122600,81.533,81.535,81.531,81.535
20110429122700,81.535,81.547,81.534,81.547
20110429122800,81.547,81.549,81.547,81.549
20110429122900,81.549,81.549,81.538,81.540
20110429123000,81.540,81.546,81.540,81.546
20110429123100,81.546,81.546,81.545,81.545
20110429123200,81.545,81.548,81.545,81.548
20110429123300,81.548,81.548,81.539,81.540
20110429123400,81.540,81.547,81.540,81.547
20110429123500,81.547,81.550,81.545,81.545
20110429123600,81.549,81.551,81.546,81.550
20110429123700,81.550,81.553,81.544,81.553
20110429123800,81.553,81.565,81.553,81.557
20110429123900,81.557,81.557,81.553,81.553
20110429124000,81.553,81.562,81.553,81.561
20110429124100,81.561,81.563,81.560,81.560
20110429124200,81.560,81.560,81.556,81.556
20110429124300,81.556,81.556,81.556,81.556
20110429124400,81.556,81.556,81.544,81.544
20110429124500,81.544,81.547,81.543,81.547
20110429124600,81.552,81.552,81.551,81.551
20110429124700,81.551,81.551,81.551,81.551
20110429124800,81.551,81.565,81.550,81.565
20110429124900,81.564,81.564,81.559,81.559
20110429125000,81.559,81.559,81.558,81.558
20110429125100,81.558,81.558,81.543,81.545
20110429125200,81.545,81.551,81.545,81.551
20110429125300,81.551,81.552,81.551,81.552
20110429125400,81.552,81.552,81.552,81.552
20110429125500,81.552,81.552,81.550,81.551
20110429125600,81.551,81.551,81.551,81.551
20110429125700,81.551,81.551,81.551,81.551
20110429125800,81.551,81.551,81.551,81.551
20110429125900,81.551,81.551,81.551,81.551
20110429130000,81.551,81.551,81.537,81.546
20110429130100,81.546,81.562,81.546,81.550
20110429130200,81.550,81.551,81.539,81.539
20110429130300,81.539,81.546,81.539,81.546
20110429130400,81.546,81.548,81.546,81.547
20110429130500,81.547,81.547,81.546,81.546
20110429130600,81.546,81.556,81.546,81.555
20110429130700,81.555,81.555,81.554,81.554
20110429130800,81.554,81.556,81.551,81.551
20110429130900,81.551,81.555,81.550,81.555
20110429131000,81.558,81.567,81.552,81.553
20110429131100,81.553,81.554,81.551,81.552
20110429131200,81.552,81.553,81.552,81.552
20110429131300,81.552,81.571,81.552,81.570
20110429131400,81.566,81.570,81.557,81.568
20110429131500,81.568,81.569,81.568,81.568
20110429131600,81.568,81.569,81.565,81.565
20110429131700,81.565,81.565,81.555,81.559
20110429131800,81.559,81.561,81.559,81.561
20110429131900,81.561,81.561,81.561,81.561
20110429132000,81.561,81.563,81.561,81.563
20110429132100,81.563,81.563,81.563,81.563
20110429132200,81.563,81.563,81.561,81.561
20110429132300,81.561,81.562,81.560,81.560
20110429132400,81.560,81.560,81.555,81.555
20110429132500,81.555,81.555,81.555,81.555
20110429132600,81.555,81.560,81.555,81.557
20110429132700,81.557,81.558,81.555,81.555
20110429132800,81.555,81.557,81.551,81.551
20110429132900,81.551,81.556,81.551,81.551
20110429133000,81.551,81.551,81.551,81.551
20110429133100,81.551,81.551,81.546,81.546
20110429133200,81.546,81.546,81.546,81.546
20110429133300,81.547,81.548,81.544,81.546
20110429133400,81.546,81.546,81.546,81.546
20110429133500,81.546,81.546,81.546,81.546
20110429133600,81.546,81.547,81.541,81.542
20110429133700,81.542,81.543,81.540,81.541
20110429133800,81.541,81.544,81.541,81.544
20110429133900,81.544,81.552,81.543,81.548
20110429134000,81.549,81.549,81.549,81.549
20110429134100,81.549,81.549,81.549,81.549
20110429134200,81.549,81.549,81.549,81.549
20110429134300,81.549,81.551,81.549,81.551
20110429134400,81.551,81.554,81.551,81.553
20110429134500,81.553,81.554,81.553,81.553
20110429134600,81.553,81.561,81.553,81.561
20110429134700,81.561,81.561,81.561,81.561
20110429134800,81.561,81.561,81.553,81.557
20110429134900,81.557,81.557,81.555,81.557
20110429135000,81.557,81.562,81.553,81.555
20110429135100,81.556,81.557,81.555,81.557
20110429135200,81.557,81.557,81.555,81.555
20110429135300,81.555,81.562,81.555,81.562
20110429135400,81.562,81.562,81.561,81.561
20110429135500,81.561,81.561,81.561,81.561
20110429135600,81.561,81.562,81.559,81.560
20110429135700,81.560,81.560,81.556,81.558
20110429135800,81.558,81.562,81.558,81.562
20110429135900,81.562,81.562,81.562,81.562
20110429140000,81.562,81.564,81.562,81.564
20110429140100,81.565,81.572,81.565,81.571
20110429140200,81.571,81.573,81.570,81.573
20110429140300,81.573,81.605,81.573,81.604
20110429140400,81.604,81.604,81.601,81.603
20110429140500,81.603,81.624,81.603,81.615
20110429140600,81.615,81.615,81.598,81.604
20110429140700,81.604,81.604,81.598,81.598
20110429140800,81.598,81.605,81.598,81.604
20110429140900,81.604,81.604,81.603,81.604
20110429141000,81.604,81.604,81.593,81.594
20110429141100,81.594,81.599,81.585,81.598
20110429141200,81.598,81.600,81.598,81.598
20110429141300,81.598,81.598,81.595,81.595
20110429141400,81.595,81.595,81.592,81.592
20110429141500,81.592,81.597,81.581,81.581
20110429141600,81.581,81.581,81.581,81.581
20110429141700,81.581,81.585,81.567,81.585
20110429141800,81.585,81.593,81.584,81.592
20110429141900,81.592,81.592,81.581,81.581
20110429142000,81.581,81.581,81.572,81.572
20110429142100,81.572,81.572,81.558,81.563
20110429142200,81.561,81.570,81.561,81.566
20110429142300,81.566,81.572,81.565,81.571
20110429142400,81.571,81.571,81.557,81.559
20110429142500,81.559,81.564,81.557,81.564
20110429142600,81.564,81.571,81.559,81.570
20110429142700,81.570,81.572,81.562,81.563
20110429142800,81.563,81.563,81.559,81.559
20110429142900,81.559,81.562,81.559,81.561
20110429143000,81.561,81.565,81.560,81.564
20110429143100,81.564,81.566,81.562,81.562
20110429143200,81.562,81.565,81.559,81.560
20110429143300,81.560,81.561,81.559,81.560
20110429143400,81.560,81.561,81.559,81.560
20110429143500,81.560,81.560,81.556,81.559
20110429143600,81.559,81.559,81.556,81.556
20110429143700,81.556,81.557,81.542,81.542
20110429143800,81.542,81.542,81.538,81.538
20110429143900,81.538,81.552,81.538,81.546
20110429144000,81.546,81.546,81.546,81.546
20110429144100,81.546,81.546,81.542,81.542
20110429144200,81.542,81.542,81.521,81.526
20110429144300,81.528,81.532,81.528,81.532
20110429144400,81.532,81.541,81.529,81.541
20110429144500,81.541,81.555,81.541,81.555
20110429144600,81.555,81.559,81.555,81.559
20110429144700,81.559,81.560,81.556,81.556
20110429144800,81.556,81.560,81.556,81.557
20110429144900,81.557,81.566,81.557,81.558
20110429145000,81.558,81.559,81.558,81.558
20110429145100,81.558,81.558,81.558,81.558
20110429145200,81.558,81.558,81.552,81.552
20110429145300,81.552,81.553,81.551,81.551
20110429145400,81.551,81.560,81.551,81.551
20110429145500,81.553,81.553,81.552,81.552
20110429145600,81.553,81.559,81.551,81.559
20110429145700,81.559,81.559,81.553,81.553
20110429145800,81.554,81.554,81.552,81.553
20110429145900,81.553,81.567,81.553,81.567
20110429150000,81.567,81.570,81.563,81.563
20110429150100,81.563,81.563,81.553,81.562
20110429150200,81.562,81.564,81.558,81.563
20110429150300,81.563,81.564,81.562,81.563
20110429150400,81.563,81.563,81.561,81.561
20110429150500,81.561,81.561,81.561,81.561
20110429150600,81.561,81.565,81.544,81.547
20110429150700,81.547,81.547,81.534,81.535
20110429150800,81.536,81.537,81.533,81.534
20110429150900,81.534,81.534,81.532,81.534
20110429151000,81.534,81.552,81.534,81.552
20110429151100,81.552,81.557,81.552,81.557
20110429151200,81.557,81.563,81.555,81.563
20110429151300,81.563,81.574,81.563,81.568
20110429151400,81.568,81.577,81.561,81.564
20110429151500,81.564,81.570,81.564,81.568
20110429151600,81.568,81.569,81.563,81.565
20110429151700,81.565,81.574,81.559,81.569
20110429151800,81.566,81.567,81.560,81.561
20110429151900,81.561,81.561,81.560,81.561
20110429152000,81.561,81.561,81.535,81.539
20110429152100,81.539,81.546,81.536,81.546
20110429152200,81.546,81.552,81.541,81.541
20110429152300,81.541,81.541,81.533,81.533
20110429152400,81.533,81.540,81.533,81.539
20110429152500,81.539,81.542,81.539,81.539
20110429152600,81.539,81.539,81.518,81.521
20110429152700,81.521,81.541,81.521,81.541
20110429152800,81.541,81.544,81.541,81.543
20110429152900,81.543,81.544,81.529,81.532
20110429153000,81.533,81.581,81.524,81.560
20110429153100,81.559,81.576,81.553,81.576
20110429153200,81.575,81.578,81.555,81.574
20110429153300,81.574,81.575,81.568,81.569
20110429153400,81.569,81.590,81.569,81.588
20110429153500,81.588,81.591,81.571,81.573
20110429153600,81.573,81.588,81.573,81.588
20110429153700,81.588,81.588,81.570,81.572
20110429153800,81.572,81.576,81.566,81.569
20110429153900,81.569,81.571,81.565,81.571
20110429154000,81.571,81.572,81.569,81.572
20110429154100,81.572,81.573,81.572,81.572
20110429154200,81.572,81.572,81.571,81.572
20110429154300,81.572,81.572,81.568,81.568
20110429154400,81.568,81.568,81.560,81.560
20110429154500,81.560,81.576,81.560,81.567
20110429154600,81.566,81.566,81.550,81.564
20110429154700,81.563,81.564,81.563,81.564
20110429154800,81.564,81.586,81.561,81.584
20110429154900,81.584,81.585,81.571,81.571
20110429155000,81.571,81.572,81.555,81.555
20110429155100,81.555,81.556,81.555,81.556
20110429155200,81.556,81.556,81.539,81.539
20110429155300,81.539,81.541,81.533,81.539
20110429155400,81.539,81.541,81.539,81.540
20110429155500,81.540,81.550,81.539,81.550
20110429155600,81.551,81.560,81.550,81.556
20110429155700,81.556,81.582,81.556,81.577
20110429155800,81.577,81.577,81.557,81.558
20110429155900,81.561,81.594,81.561,81.594
20110429160000,81.594,81.594,81.581,81.582
20110429160100,81.581,81.584,81.580,81.582
20110429160200,81.582,81.583,81.579,81.582
20110429160300,81.582,81.582,81.574,81.574
20110429160400,81.574,81.575,81.574,81.574
20110429160500,81.574,81.579,81.574,81.579
20110429160600,81.580,81.580,81.574,81.578
20110429160700,81.578,81.584,81.578,81.584
20110429160800,81.584,81.590,81.583,81.589
20110429160900,81.589,81.605,81.587,81.594
20110429161000,81.590,81.593,81.586,81.587
20110429161100,81.587,81.595,81.587,81.587
20110429161200,81.587,81.587,81.571,81.572
20110429161300,81.572,81.573,81.563,81.572
20110429161400,81.572,81.573,81.572,81.572
20110429161500,81.572,81.573,81.570,81.570
20110429161600,81.571,81.572,81.555,81.556
20110429161700,81.556,81.560,81.543,81.543
20110429161800,81.543,81.543,81.540,81.542
20110429161900,81.542,81.542,81.527,81.531
20110429162000,81.531,81.533,81.524,81.527
20110429162100,81.528,81.536,81.528,81.535
20110429162200,81.535,81.536,81.535,81.536
20110429162300,81.536,81.537,81.536,81.537
20110429162400,81.538,81.553,81.537,81.553
20110429162500,81.553,81.557,81.553,81.555
20110429162600,81.555,81.558,81.555,81.557
20110429162700,81.557,81.573,81.557,81.570
20110429162800,81.570,81.570,81.562,81.562
20110429162900,81.562,81.563,81.555,81.557
20110429163000,81.557,81.557,81.549,81.549
20110429163100,81.549,81.549,81.538,81.542
20110429163200,81.542,81.543,81.539,81.540
20110429163300,81.540,81.541,81.540,81.540
20110429163400,81.540,81.558,81.540,81.557
20110429163500,81.557,81.557,81.554,81.555
20110429163600,81.555,81.570,81.554,81.570
20110429163700,81.571,81.572,81.568,81.569
20110429163800,81.569,81.571,81.567,81.570
20110429163900,81.570,81.584,81.570,81.573
20110429164000,81.573,81.584,81.573,81.581
20110429164100,81.580,81.589,81.576,81.583
20110429164200,81.584,81.584,81.577,81.577
20110429164300,81.577,81.580,81.574,81.575
20110429164400,81.575,81.575,81.561,81.569
20110429164500,81.569,81.585,81.569,81.584
20110429164600,81.584,81.584,81.576,81.576
20110429164700,81.576,81.580,81.575,81.580
20110429164800,81.579,81.581,81.579,81.580
20110429164900,81.580,81.584,81.576,81.584
20110429165000,81.584,81.591,81.583,81.591
20110429165100,81.591,81.591,81.584,81.584
20110429165200,81.584,81.587,81.583,81.585
20110429165300,81.585,81.585,81.574,81.579
20110429165400,81.578,81.585,81.577,81.584
20110429165500,81.584,81.584,81.576,81.576
20110429165600,81.576,81.579,81.576,81.577
20110429165700,81.577,81.583,81.576,81.583
20110429165800,81.583,81.583,81.583,81.583
20110429165900,81.583,81.583,81.583,81.583
20110429170000,81.583,81.583,81.582,81.583
20110429170100,81.583,81.583,81.580,81.580
20110429170200,81.580,81.581,81.569,81.569
20110429170300,81.569,81.569,81.559,81.564
20110429170400,81.564,81.564,81.545,81.545
20110429170500,81.548,81.560,81.548,81.560
20110429170600,81.560,81.560,81.543,81.543
20110429170700,81.543,81.543,81.534,81.534
20110429170800,81.534,81.548,81.532,81.541
20110429170900,81.543,81.544,81.540,81.540
20110429171000,81.540,81.540,81.511,81.514
20110429171100,81.514,81.519,81.511,81.519
20110429171200,81.519,81.541,81.519,81.534
20110429171300,81.534,81.534,81.522,81.530
20110429171400,81.531,81.531,81.524,81.524
20110429171500,81.524,81.524,81.505,81.506
20110429171600,81.506,81.507,81.501,81.501
20110429171700,81.501,81.501,81.492,81.497
20110429171800,81.497,81.497,81.494,81.496
20110429171900,81.496,81.498,81.496,81.498
20110429172000,81.498,81.498,81.490,81.493
20110429172100,81.493,81.493,81.484,81.485
20110429172200,81.486,81.490,81.478,81.478
20110429172300,81.478,81.478,81.475,81.475
20110429172400,81.475,81.476,81.464,81.466
20110429172500,81.466,81.475,81.466,81.475
20110429172600,81.475,81.477,81.475,81.476
20110429172700,81.476,81.476,81.471,81.472
20110429172800,81.472,81.472,81.465,81.465
20110429172900,81.465,81.465,81.449,81.449
20110429173000,81.449,81.450,81.442,81.444
20110429173100,81.444,81.472,81.443,81.472
20110429173200,81.471,81.485,81.471,81.485
20110429173300,81.485,81.511,81.483,81.496
20110429173400,81.495,81.498,81.493,81.495
20110429173500,81.495,81.495,81.490,81.491
20110429173600,81.491,81.491,81.477,81.479
20110429173700,81.479,81.498,81.478,81.493
20110429173800,81.493,81.493,81.489,81.489
20110429173900,81.489,81.489,81.488,81.488
20110429174000,81.488,81.490,81.488,81.489
20110429174100,81.489,81.492,81.489,81.491
20110429174200,81.491,81.491,81.490,81.491
20110429174300,81.491,81.514,81.491,81.510
20110429174400,81.510,81.522,81.510,81.519
20110429174500,81.519,81.522,81.519,81.521
20110429174600,81.521,81.521,81.521,81.521
20110429174700,81.521,81.521,81.519,81.520
20110429174800,81.520,81.522,81.520,81.520
20110429174900,81.520,81.520,81.501,81.502
20110429175000,81.502,81.502,81.500,81.501
20110429175100,81.501,81.501,81.494,81.496
20110429175200,81.496,81.496,81.485,81.490
20110429175300,81.490,81.492,81.489,81.492
20110429175400,81.492,81.496,81.491,81.496
20110429175500,81.496,81.496,81.481,81.481
20110429175600,81.481,81.481,81.462,81.465
20110429175700,81.464,81.467,81.464,81.466
20110429175800,81.466,81.467,81.463,81.467
20110429175900,81.467,81.467,81.460,81.460
20110429180000,81.460,81.479,81.460,81.478
20110429180100,81.479,81.479,81.463,81.468
20110429180200,81.469,81.469,81.466,81.467
20110429180300,81.467,81.467,81.457,81.457
20110429180400,81.457,81.458,81.447,81.450
20110429180500,81.451,81.467,81.451,81.467
20110429180600,81.467,81.479,81.458,81.458
20110429180700,81.458,81.463,81.447,81.448
20110429180800,81.450,81.453,81.446,81.447
20110429180900,81.447,81.476,81.446,81.464
20110429181000,81.464,81.475,81.460,81.464
20110429181100,81.464,81.469,81.450,81.452
20110429181200,81.452,81.467,81.451,81.452
20110429181300,81.452,81.461,81.442,81.449
20110429181400,81.448,81.463,81.448,81.459
20110429181500,81.459,81.463,81.459,81.462
20110429181600,81.462,81.465,81.462,81.464
20110429181700,81.464,81.464,81.437,81.438
20110429181800,81.438,81.438,81.431,81.438
20110429181900,81.438,81.439,81.436,81.438
20110429182000,81.438,81.439,81.427,81.428
20110429182100,81.428,81.434,81.422,81.432
20110429182200,81.432,81.435,81.423,81.424
20110429182300,81.425,81.425,81.412,81.419
20110429182400,81.420,81.424,81.420,81.424
20110429182500,81.424,81.434,81.424,81.433
20110429182600,81.433,81.435,81.432,81.434
20110429182700,81.434,81.434,81.422,81.432
20110429182800,81.432,81.432,81.430,81.432
20110429182900,81.432,81.440,81.432,81.433
20110429183000,81.433,81.433,81.413,81.415
20110429183100,81.415,81.418,81.412,81.418
20110429183200,81.418,81.425,81.416,81.424
20110429183300,81.424,81.429,81.419,81.428
20110429183400,81.429,81.429,81.422,81.424
20110429183500,81.424,81.431,81.423,81.430
20110429183600,81.429,81.442,81.429,81.441
20110429183700,81.441,81.441,81.437,81.439
20110429183800,81.439,81.439,81.436,81.436
20110429183900,81.434,81.434,81.424,81.425
20110429184000,81.424,81.451,81.422,81.448
20110429184100,81.448,81.455,81.448,81.451
20110429184200,81.451,81.451,81.437,81.437
20110429184300,81.437,81.451,81.437,81.451
20110429184400,81.451,81.451,81.446,81.446
20110429184500,81.446,81.447,81.439,81.440
20110429184600,81.440,81.440,81.439,81.439
20110429184700,81.439,81.439,81.419,81.419
20110429184800,81.419,81.426,81.415,81.425
20110429184900,81.425,81.425,81.420,81.421
20110429185000,81.421,81.427,81.421,81.425
20110429185100,81.425,81.434,81.425,81.434
20110429185200,81.434,81.436,81.431,81.432
20110429185300,81.432,81.438,81.432,81.432
20110429185400,81.432,81.433,81.406,81.410
20110429185500,81.410,81.410,81.391,81.398
20110429185600,81.398,81.400,81.375,81.375
20110429185700,81.376,81.378,81.362,81.373
20110429185800,81.373,81.393,81.364,81.364
20110429185900,81.364,81.364,81.343,81.344
20110429190000,81.344,81.344,81.331,81.332
20110429190100,81.332,81.336,81.325,81.326
20110429190200,81.325,81.329,81.325,81.329
20110429190300,81.325,81.328,81.324,81.326
20110429190400,81.324,81.340,81.324,81.339
20110429190500,81.339,81.355,81.338,81.354
20110429190600,81.357,81.367,81.349,81.353
20110429190700,81.354,81.367,81.354,81.367
20110429190800,81.367,81.379,81.367,81.378
20110429190900,81.378,81.392,81.376,81.385
20110429191000,81.385,81.392,81.385,81.392
20110429191100,81.392,81.414,81.391,81.397
20110429191200,81.396,81.405,81.396,81.405
20110429191300,81.405,81.405,81.403,81.403
20110429191400,81.403,81.403,81.400,81.400
20110429191500,81.400,81.400,81.397,81.397
20110429191600,81.397,81.397,81.367,81.370
20110429191700,81.370,81.370,81.360,81.365
20110429191800,81.365,81.370,81.361,81.367
20110429191900,81.367,81.369,81.352,81.361
20110429192000,81.360,81.361,81.327,81.328
20110429192100,81.328,81.332,81.325,81.325
20110429192200,81.327,81.330,81.326,81.327
20110429192300,81.327,81.336,81.327,81.333
20110429192400,81.333,81.336,81.329,81.330
20110429192500,81.330,81.336,81.327,81.327
20110429192600,81.327,81.327,81.326,81.327
20110429192700,81.325,81.325,81.322,81.324
20110429192800,81.324,81.326,81.309,81.309
20110429192900,81.309,81.321,81.307,81.318
20110429193000,81.318,81.318,81.313,81.315
20110429193100,81.315,81.315,81.305,81.306
20110429193200,81.305,81.305,81.279,81.282
20110429193300,81.276,81.290,81.274,81.281
20110429193400,81.274,81.278,81.273,81.278
20110429193500,81.278,81.324,81.277,81.324
20110429193600,81.324,81.324,81.318,81.322
20110429193700,81.323,81.330,81.322,81.330
20110429193800,81.330,81.348,81.330,81.347
20110429193900,81.349,81.349,81.338,81.339
20110429194000,81.339,81.349,81.339,81.349
20110429194100,81.349,81.349,81.348,81.348
20110429194200,81.348,81.350,81.348,81.349
20110429194300,81.349,81.349,81.344,81.345
20110429194400,81.345,81.345,81.329,81.333
20110429194500,81.333,81.342,81.333,81.341
20110429194600,81.341,81.361,81.341,81.351
20110429194700,81.351,81.351,81.339,81.341
20110429194800,81.341,81.345,81.341,81.345
20110429194900,81.345,81.353,81.343,81.346
20110429195000,81.346,81.347,81.336,81.346
20110429195100,81.346,81.347,81.331,81.335
20110429195200,81.335,81.343,81.334,81.334
20110429195300,81.333,81.333,81.330,81.331
20110429195400,81.331,81.333,81.328,81.332
20110429195500,81.332,81.332,81.331,81.331
20110429195600,81.331,81.332,81.329,81.329
20110429195700,81.329,81.339,81.329,81.339
20110429195800,81.339,81.341,81.336,81.339
20110429195900,81.339,81.339,81.328,81.328
20110429200000,81.326,81.327,81.319,81.322
20110429200100,81.323,81.327,81.323,81.323
20110429200200,81.322,81.322,81.321,81.321
20110429200300,81.321,81.321,81.301,81.305
20110429200400,81.305,81.305,81.302,81.303
20110429200500,81.303,81.304,81.303,81.303
20110429200600,81.303,81.314,81.303,81.313
20110429200700,81.313,81.327,81.313,81.327
20110429200800,81.327,81.337,81.327,81.328
20110429200900,81.328,81.328,81.323,81.323
20110429201000,81.323,81.325,81.323,81.324
20110429201100,81.324,81.325,81.324,81.325
20110429201200,81.325,81.345,81.324,81.332
20110429201300,81.332,81.340,81.331,81.340
20110429201400,81.343,81.345,81.337,81.343
20110429201500,81.343,81.346,81.342,81.343
20110429201600,81.343,81.345,81.343,81.345
20110429201700,81.345,81.357,81.345,81.356
20110429201800,81.356,81.364,81.356,81.364
20110429201900,81.364,81.364,81.358,81.361
20110429202000,81.362,81.370,81.362,81.365
20110429202100,81.365,81.365,81.363,81.364
20110429202200,81.364,81.365,81.364,81.364
20110429202300,81.364,81.367,81.363,81.365
20110429202400,81.365,81.365,81.362,81.364
20110429202500,81.364,81.364,81.354,81.357
20110429202600,81.357,81.359,81.355,81.355
20110429202700,81.355,81.355,81.342,81.347
20110429202800,81.347,81.347,81.342,81.344
20110429202900,81.344,81.344,81.336,81.336
20110429203000,81.336,81.336,81.308,81.326
20110429203100,81.326,81.327,81.325,81.326
20110429203200,81.326,81.331,81.326,81.330
20110429203300,81.330,81.330,81.317,81.326
20110429203400,81.327,81.339,81.327,81.337
20110429203500,81.337,81.337,81.336,81.337
20110429203600,81.337,81.355,81.336,81.341
20110429203700,81.341,81.341,81.337,81.339
20110429203800,81.339,81.339,81.328,81.328
20110429203900,81.328,81.328,81.324,81.328
20110429204000,81.328,81.329,81.325,81.325
20110429204100,81.325,81.325,81.297,81.315
20110429204200,81.314,81.315,81.287,81.287
20110429204300,81.289,81.291,81.288,81.291
20110429204400,81.291,81.298,81.291,81.294
20110429204500,81.292,81.297,81.291,81.297
20110429204600,81.297,81.300,81.272,81.272
20110429204700,81.272,81.272,81.257,81.258
20110429204800,81.257,81.257,81.212,81.216
20110429204900,81.216,81.250,81.216,81.244
20110429205000,81.249,81.250,81.239,81.243
20110429205100,81.243,81.250,81.232,81.236
20110429205200,81.236,81.242,81.223,81.242
20110429205300,81.242,81.242,81.228,81.228
20110429205400,81.229,81.229,81.219,81.219
20110429205500,81.219,81.222,81.207,81.209
20110429205600,81.209,81.218,81.205,81.211
20110429205700,81.210,81.211,81.177,81.177
20110429205800,81.175,81.188,81.165,81.183
20110429205900,81.183,81.183,81.153,81.159
20110429210000,81.157,81.162,81.121,81.121
20110429210100,81.122,81.157,81.121,81.157
20110429210200,81.157,81.158,81.138,81.139
20110429210300,81.140,81.174,81.139,81.174
20110429210400,81.178,81.179,81.152,81.159
20110429210500,81.159,81.179,81.157,81.176
20110429210600,81.176,81.176,81.161,81.169
20110429210700,81.169,81.185,81.168,81.185
20110429210800,81.185,81.207,81.184,81.204
20110429210900,81.204,81.207,81.199,81.201
20110429211000,81.200,81.204,81.190,81.190
20110429211100,81.190,81.191,81.180,81.186
20110429211200,81.186,81.188,81.182,81.187
20110429211300,81.187,81.191,81.187,81.188
20110429211400,81.188,81.206,81.188,81.206
20110429211500,81.208,81.210,81.180,81.183
20110429211600,81.182,81.193,81.177,81.193
20110429211700,81.192,81.196,81.188,81.192
20110429211800,81.192,81.205,81.191,81.199
20110429211900,81.199,81.214,81.198,81.214
20110429212000,81.209,81.209,81.170,81.172
20110429212100,81.172,81.179,81.172,81.179
20110429212200,81.180,81.189,81.180,81.189
20110429212300,81.189,81.194,81.189,81.191
20110429212400,81.191,81.193,81.191,81.192
20110429212500,81.193,81.212,81.191,81.211
20110429212600,81.212,81.215,81.205,81.205
20110429212700,81.205,81.224,81.203,81.222
20110429212800,81.222,81.226,81.222,81.226
20110429212900,81.226,81.251,81.226,81.240
20110429213000,81.240,81.245,81.220,81.227
20110429213100,81.226,81.226,81.213,81.213
20110429213200,81.213,81.223,81.210,81.221
20110429213300,81.220,81.239,81.218,81.224
20110429213400,81.224,81.233,81.222,81.230
20110429213500,81.230,81.252,81.230,81.239
20110429213600,81.239,81.252,81.239,81.251
20110429213700,81.251,81.254,81.242,81.254
20110429213800,81.254,81.262,81.251,81.262
20110429213900,81.266,81.266,81.235,81.249
20110429214000,81.252,81.259,81.229,81.247
20110429214100,81.246,81.247,81.229,81.238
20110429214200,81.238,81.241,81.234,81.240
20110429214300,81.240,81.259,81.240,81.257
20110429214400,81.257,81.257,81.234,81.235
20110429214500,81.235,81.263,81.235,81.250
20110429214600,81.250,81.264,81.240,81.264
20110429214700,81.263,81.277,81.249,81.276
20110429214800,81.275,81.275,81.264,81.264
20110429214900,81.265,81.292,81.265,81.292
20110429215000,81.292,81.298,81.284,81.298
20110429215100,81.298,81.347,81.297,81.342
20110429215200,81.341,81.394,81.341,81.371
20110429215300,81.371,81.386,81.364,81.383
20110429215400,81.383,81.384,81.372,81.373
20110429215500,81.372,81.374,81.360,81.371
20110429215600,81.367,81.367,81.350,81.362
20110429215700,81.362,81.382,81.354,81.356
20110429215800,81.356,81.356,81.347,81.349
20110429215900,81.348,81.356,81.342,81.343
20110429220000,81.343,81.357,81.342,81.343
20110429220100,81.343,81.343,81.328,81.330
20110429220200,81.330,81.330,81.307,81.309
20110429220300,81.310,81.315,81.300,81.309
20110429220400,81.309,81.310,81.308,81.309
20110429220500,81.309,81.310,81.300,81.300
20110429220600,81.300,81.309,81.300,81.304
20110429220700,81.303,81.311,81.297,81.311
20110429220800,81.311,81.328,81.311,81.317
20110429220900,81.317,81.317,81.308,81.309
20110429221000,81.309,81.310,81.300,81.309
20110429221100,81.308,81.309,81.303,81.304
20110429221200,81.304,81.323,81.293,81.301
20110429221300,81.306,81.363,81.306,81.358
20110429221400,81.357,81.361,81.347,81.354
20110429221500,81.354,81.356,81.331,81.337
20110429221600,81.336,81.339,81.336,81.339
20110429221700,81.339,81.339,81.336,81.338
20110429221800,81.336,81.365,81.334,81.365
20110429221900,81.365,81.389,81.365,81.388
20110429222000,81.389,81.442,81.387,81.437
20110429222100,81.437,81.454,81.435,81.452
20110429222200,81.452,81.452,81.408,81.421
20110429222300,81.423,81.440,81.421,81.440
20110429222400,81.437,81.454,81.429,81.451
20110429222500,81.451,81.451,81.430,81.434
20110429222600,81.434,81.452,81.428,81.452
20110429222700,81.452,81.452,81.436,81.436
20110429222800,81.436,81.463,81.436,81.463
20110429222900,81.465,81.484,81.465,81.479
20110429223000,81.478,81.478,81.452,81.459
20110429223100,81.458,81.458,81.432,81.450
20110429223200,81.450,81.469,81.442,81.469
20110429223300,81.469,81.474,81.469,81.472
20110429223400,81.473,81.503,81.466,81.503
20110429223500,81.503,81.531,81.485,81.511
20110429223600,81.511,81.514,81.507,81.514
20110429223700,81.514,81.515,81.495,81.496
20110429223800,81.496,81.501,81.473,81.474
20110429223900,81.478,81.483,81.469,81.469
20110429224000,81.469,81.471,81.462,81.467
20110429224100,81.466,81.510,81.466,81.510
20110429224200,81.538,81.538,81.503,81.518
20110429224300,81.518,81.533,81.501,81.507
20110429224400,81.503,81.507,81.491,81.491
20110429224500,81.490,81.490,81.468,81.480
20110429224600,81.480,81.512,81.475,81.478
20110429224700,81.478,81.479,81.462,81.467
20110429224800,81.466,81.481,81.447,81.474
20110429224900,81.476,81.476,81.467,81.467
20110429225000,81.467,81.481,81.459,81.477
20110429225100,81.477,81.496,81.475,81.496
20110429225200,81.496,81.510,81.496,81.509
20110429225300,81.508,81.508,81.474,81.496
20110429225400,81.496,81.509,81.484,81.487
20110429225500,81.487,81.488,81.478,81.478
20110429225600,81.478,81.497,81.475,81.489
20110429225700,81.489,81.521,81.475,81.475
20110429225800,81.477,81.479,81.433,81.434
20110429225900,81.435,81.441,81.415,81.415
20110429230000,81.412,81.467,81.410,81.464
20110429230100,81.466,81.466,81.451,81.452
20110429230200,81.451,81.454,81.451,81.454
20110429230300,81.454,81.463,81.450,81.459
20110429230400,81.458,81.459,81.451,81.453
20110429230500,81.453,81.454,81.436,81.437
20110429230600,81.437,81.438,81.426,81.428
20110429230700,81.428,81.428,81.413,81.420
20110429230800,81.421,81.425,81.389,81.389
20110429230900,81.389,81.390,81.370,81.370
20110429231000,81.370,81.377,81.365,81.369
20110429231100,81.369,81.373,81.363,81.368
20110429231200,81.374,81.382,81.374,81.382
20110429231300,81.382,81.383,81.365,81.365
20110429231400,81.365,81.365,81.331,81.336
20110429231500,81.335,81.346,81.319,81.334
20110429231600,81.335,81.353,81.334,81.352
20110429231700,81.352,81.352,81.341,81.345
20110429231800,81.345,81.345,81.306,81.308
20110429231900,81.308,81.320,81.298,81.299
20110429232000,81.299,81.312,81.299,81.312
20110429232100,81.312,81.316,81.293,81.301
20110429232200,81.302,81.325,81.300,81.302
20110429232300,81.302,81.327,81.302,81.327
20110429232400,81.330,81.341,81.324,81.340
20110429232500,81.341,81.353,81.341,81.352
20110429232600,81.352,81.353,81.338,81.343
20110429232700,81.344,81.353,81.343,81.350
20110429232800,81.350,81.354,81.332,81.339
20110429232900,81.340,81.341,81.306,81.306
20110429233000,81.309,81.320,81.290,81.305
20110429233100,81.306,81.309,81.288,81.288
20110429233200,81.288,81.290,81.284,81.288
20110429233300,81.288,81.293,81.287,81.288
20110429233400,81.288,81.290,81.268,81.281
20110429233500,81.281,81.292,81.266,81.276
20110429233600,81.276,81.301,81.275,81.289
20110429233700,81.289,81.304,81.288,81.288
20110429233800,81.289,81.310,81.287,81.308
20110429233900,81.311,81.319,81.300,81.302
20110429234000,81.302,81.326,81.302,81.324
20110429234100,81.325,81.339,81.320,81.320
20110429234200,81.320,81.320,81.311,81.314
20110429234300,81.314,81.322,81.314,81.318
20110429234400,81.317,81.326,81.314,81.316
20110429234500,81.316,81.322,81.301,81.313
20110429234600,81.313,81.325,81.311,81.325
20110429234700,81.325,81.328,81.317,81.319
20110429234800,81.318,81.318,81.290,81.292
20110429234900,81.293,81.293,81.285,81.286
20110429235000,81.286,81.286,81.261,81.262
20110429235100,81.262,81.286,81.261,81.280
20110429235200,81.280,81.298,81.280,81.298
20110429235300,81.298,81.313,81.298,81.312
20110429235400,81.312,81.314,81.303,81.308
20110429235500,81.308,81.319,81.303,81.319
20110429235600,81.319,81.325,81.311,81.322
20110429235700,81.321,81.324,81.304,81.315
20110429235800,81.317,81.317,81.271,81.272
20110429235900,81.271,81.271,81.151,81.151
20110430000000,81.151,81.151,81.095,81.149
20110430000100,81.145,81.176,81.142,81.166
20110430000200,81.164,81.193,81.161,81.184
20110430000300,81.191,81.192,81.173,81.175
20110430000400,81.175,81.192,81.171,81.191
20110430000500,81.191,81.195,81.187,81.194
20110430000600,81.194,81.198,81.187,81.188
20110430000700,81.188,81.193,81.182,81.184
20110430000800,81.183,81.211,81.182,81.210
20110430000900,81.211,81.217,81.202,81.207
20110430001000,81.207,81.207,81.190,81.192
20110430001100,81.192,81.198,81.183,81.183
20110430001200,81.183,81.184,81.178,81.184
20110430001300,81.183,81.195,81.182,81.195
20110430001400,81.196,81.196,81.164,81.165
20110430001500,81.165,81.182,81.163,81.182
20110430001600,81.184,81.185,81.169,81.173
20110430001700,81.172,81.216,81.171,81.215
20110430001800,81.215,81.230,81.204,81.229
20110430001900,81.230,81.230,81.197,81.199
20110430002000,81.199,81.212,81.199,81.206
20110430002100,81.205,81.206,81.195,81.202
20110430002200,81.204,81.208,81.180,81.193
20110430002300,81.193,81.208,81.193,81.207
20110430002400,81.207,81.207,81.195,81.195
20110430002500,81.195,81.197,81.192,81.195
20110430002600,81.195,81.203,81.184,81.190
20110430002700,81.184,81.200,81.183,81.187
20110430002800,81.187,81.191,81.184,81.187
20110430002900,81.187,81.212,81.187,81.191
20110430003000,81.189,81.202,81.189,81.200
20110430003100,81.200,81.213,81.195,81.211
20110430003200,81.211,81.227,81.211,81.227
20110430003300,81.227,81.236,81.223,81.227
20110430003400,81.227,81.240,81.227,81.240
20110430003500,81.240,81.240,81.236,81.237
20110430003600,81.237,81.242,81.237,81.241
20110430003700,81.241,81.250,81.240,81.247
20110430003800,81.247,81.252,81.246,81.252
20110430003900,81.252,81.275,81.243,81.248
20110430004000,81.248,81.274,81.245,81.263
20110430004100,81.263,81.263,81.240,81.256
20110430004200,81.254,81.261,81.252,81.255
20110430004300,81.255,81.261,81.254,81.260
20110430004400,81.260,81.277,81.258,81.264
20110430004500,81.264,81.273,81.254,81.254
20110430004600,81.254,81.255,81.245,81.246
20110430004700,81.245,81.267,81.245,81.266
20110430004800,81.266,81.283,81.266,81.280
20110430004900,81.280,81.287,81.274,81.287
20110430005000,81.287,81.289,81.279,81.285
20110430005100,81.286,81.294,81.286,81.293
20110430005200,81.293,81.296,81.292,81.294
20110430005300,81.294,81.298,81.293,81.296
20110430005400,81.296,81.313,81.293,81.302
20110430005500,81.302,81.328,81.302,81.326
20110430005600,81.323,81.325,81.299,81.303
20110430005700,81.304,81.306,81.293,81.304
20110430005800,81.304,81.308,81.302,81.308
20110430005900,81.308,81.316,81.307,81.315
20110430010000,81.314,81.314,81.282,81.288
20110430010100,81.287,81.287,81.250,81.251
20110430010200,81.250,81.260,81.250,81.250
20110430010300,81.250,81.250,81.242,81.242
20110430010400,81.242,81.242,81.227,81.227
20110430010500,81.227,81.231,81.227,81.230
20110430010600,81.230,81.245,81.230,81.243
20110430010700,81.242,81.252,81.241,81.245
20110430010800,81.245,81.245,81.241,81.243
20110430010900,81.243,81.243,81.237,81.239
20110430011000,81.239,81.249,81.238,81.243
20110430011100,81.243,81.251,81.237,81.251
20110430011200,81.251,81.258,81.242,81.256
20110430011300,81.256,81.257,81.246,81.246
20110430011400,81.246,81.251,81.235,81.238
20110430011500,81.238,81.257,81.238,81.253
20110430011600,81.253,81.265,81.252,81.261
20110430011700,81.261,81.262,81.259,81.261
20110430011800,81.261,81.263,81.253,81.253
20110430011900,81.250,81.254,81.248,81.248
20110430012000,81.248,81.255,81.244,81.244
20110430012100,81.244,81.244,81.230,81.240
20110430012200,81.240,81.261,81.240,81.260
20110430012300,81.260,81.266,81.258,81.263
20110430012400,81.263,81.264,81.261,81.263
20110430012500,81.263,81.268,81.261,81.266
20110430012600,81.266,81.285,81.265,81.285
20110430012700,81.284,81.296,81.277,81.289
20110430012800,81.289,81.291,81.276,81.280
20110430012900,81.279,81.281,81.278,81.279
20110430013000,81.279,81.279,81.241,81.241
20110430013100,81.241,81.241,81.222,81.227
20110430013200,81.228,81.232,81.225,81.232
20110430013300,81.232,81.243,81.232,81.243
20110430013400,81.242,81.244,81.239,81.239
20110430013500,81.239,81.241,81.234,81.239
20110430013600,81.239,81.244,81.239,81.239
20110430013700,81.239,81.239,81.233,81.235
20110430013800,81.233,81.235,81.233,81.234
20110430013900,81.234,81.243,81.233,81.242
20110430014000,81.241,81.245,81.235,81.235
20110430014100,81.235,81.239,81.235,81.236
20110430014200,81.236,81.242,81.236,81.242
20110430014300,81.242,81.242,81.239,81.239
20110430014400,81.239,81.247,81.235,81.244
20110430014500,81.244,81.250,81.244,81.249
20110430014600,81.250,81.259,81.250,81.256
20110430014700,81.256,81.256,81.242,81.246
20110430014800,81.246,81.247,81.242,81.242
20110430014900,81.242,81.242,81.229,81.233
20110430015000,81.234,81.236,81.230,81.236
20110430015100,81.236,81.236,81.235,81.235
20110430015200,81.235,81.244,81.235,81.242
20110430015300,81.242,81.242,81.233,81.234
20110430015400,81.234,81.235,81.228,81.231
20110430015500,81.230,81.231,81.221,81.222
20110430015600,81.222,81.223,81.221,81.221
20110430015700,81.221,81.229,81.215,81.221
20110430015800,81.221,81.224,81.218,81.218
20110430015900,81.218,81.246,81.214,81.245
20110430020000,81.252,81.254,81.226,81.228
20110430020100,81.228,81.241,81.228,81.236
20110430020200,81.236,81.238,81.228,81.230
20110430020300,81.232,81.242,81.231,81.240
20110430020400,81.240,81.241,81.237,81.240
20110430020500,81.240,81.241,81.239,81.241
20110430020600,81.241,81.241,81.239,81.239
20110430020700,81.231,81.236,81.231,81.233
20110430020800,81.233,81.233,81.228,81.228
20110430020900,81.228,81.230,81.221,81.221
20110430021000,81.221,81.231,81.221,81.230
20110430021100,81.231,81.232,81.230,81.231
20110430021200,81.231,81.231,81.222,81.226
20110430021300,81.226,81.230,81.226,81.230
20110430021400,81.230,81.230,81.229,81.229
20110430021500,81.229,81.231,81.228,81.230
20110430021600,81.230,81.230,81.227,81.229
20110430021700,81.229,81.229,81.228,81.229
20110430021800,81.229,81.229,81.220,81.222
20110430021900,81.222,81.222,81.198,81.198
20110430022000,81.198,81.204,81.196,81.200
20110430022100,81.200,81.207,81.194,81.204
20110430022200,81.204,81.205,81.181,81.181
20110430022300,81.182,81.184,81.182,81.182
20110430022400,81.182,81.184,81.182,81.184
20110430022500,81.184,81.193,81.184,81.192
20110430022600,81.199,81.209,81.199,81.208
20110430022700,81.207,81.221,81.207,81.220
20110430022800,81.220,81.220,81.216,81.217
20110430022900,81.217,81.217,81.209,81.209
20110430023000,81.209,81.212,81.209,81.210
20110430023100,81.210,81.220,81.210,81.220
20110430023200,81.220,81.221,81.209,81.213
20110430023300,81.213,81.228,81.213,81.227
20110430023400,81.227,81.227,81.224,81.224
20110430023500,81.224,81.224,81.216,81.217
20110430023600,81.220,81.220,81.216,81.217
20110430023700,81.217,81.230,81.212,81.230
20110430023800,81.230,81.230,81.223,81.225
20110430023900,81.225,81.225,81.222,81.223
20110430024000,81.223,81.226,81.216,81.218
20110430024100,81.218,81.218,81.210,81.213
20110430024200,81.213,81.213,81.209,81.210
20110430024300,81.210,81.212,81.210,81.210
20110430024400,81.211,81.211,81.210,81.211
20110430024500,81.211,81.224,81.209,81.214
20110430024600,81.214,81.216,81.214,81.215
20110430024700,81.215,81.215,81.210,81.210
20110430024800,81.210,81.212,81.209,81.211
20110430024900,81.211,81.216,81.211,81.214
20110430025000,81.214,81.217,81.212,81.217
20110430025100,81.217,81.226,81.217,81.226
20110430025200,81.226,81.227,81.225,81.227
20110430025300,81.227,81.227,81.213,81.214
20110430025400,81.214,81.220,81.212,81.220
20110430025500,81.220,81.220,81.214,81.217
20110430025600,81.217,81.219,81.217,81.219
20110430025700,81.219,81.234,81.217,81.226
20110430025800,81.226,81.228,81.210,81.210
20110430025900,81.210,81.210,81.163,81.167
20110430030000,81.168,81.180,81.167,81.178
20110430030100,81.176,81.178,81.160,81.166
20110430030200,81.166,81.170,81.153,81.155
20110430030300,81.155,81.156,81.149,81.151
20110430030400,81.151,81.166,81.151,81.159
20110430030500,81.159,81.164,81.149,81.149
20110430030600,81.149,81.154,81.147,81.152
20110430030700,81.152,81.152,81.148,81.148
20110430030800,81.148,81.150,81.143,81.143
20110430030900,81.143,81.143,81.140,81.141
20110430031000,81.141,81.143,81.141,81.142
20110430031100,81.142,81.142,81.120,81.127
20110430031200,81.128,81.129,81.126,81.128
20110430031300,81.128,81.175,81.128,81.174
20110430031400,81.176,81.194,81.170,81.193
20110430031500,81.197,81.197,81.179,81.183
20110430031600,81.182,81.183,81.174,81.176
20110430031700,81.176,81.181,81.171,81.174
20110430031800,81.173,81.181,81.173,81.179
20110430031900,81.179,81.179,81.165,81.165
20110430032000,81.163,81.166,81.163,81.164
20110430032100,81.163,81.163,81.155,81.161
20110430032200,81.161,81.166,81.159,81.159
20110430032300,81.160,81.161,81.156,81.156
20110430032400,81.158,81.163,81.156,81.158
20110430032500,81.156,81.159,81.148,81.150
20110430032600,81.150,81.150,81.136,81.139
20110430032700,81.139,81.145,81.134,81.142
20110430032800,81.137,81.142,81.129,81.131
20110430032900,81.130,81.130,81.106,81.106
20110430033000,81.106,81.109,81.088,81.091
20110430033100,81.092,81.095,81.084,81.085
20110430033200,81.084,81.089,81.083,81.087
20110430033300,81.086,81.090,81.085,81.089
20110430033400,81.088,81.088,81.084,81.086
20110430033500,81.088,81.118,81.088,81.111
20110430033600,81.116,81.131,81.116,81.121
20110430033700,81.122,81.124,81.108,81.109
20110430033800,81.109,81.130,81.099,81.130
20110430033900,81.128,81.130,81.121,81.126
20110430034000,81.126,81.149,81.125,81.146
20110430034100,81.145,81.146,81.134,81.136
20110430034200,81.136,81.137,81.130,81.133
20110430034300,81.136,81.145,81.134,81.143
20110430034400,81.143,81.153,81.141,81.150
20110430034500,81.150,81.151,81.146,81.151
20110430034600,81.151,81.154,81.149,81.153
20110430034700,81.149,81.152,81.148,81.150
20110430034800,81.153,81.156,81.147,81.147
20110430034900,81.147,81.148,81.143,81.146
20110430035000,81.147,81.152,81.143,81.143
20110430035100,81.143,81.151,81.143,81.144
20110430035200,81.145,81.145,81.133,81.136
20110430035300,81.136,81.136,81.132,81.135
20110430035400,81.135,81.148,81.131,81.138
20110430035500,81.138,81.148,81.130,81.146
20110430035600,81.146,81.150,81.146,81.148
20110430035700,81.148,81.151,81.143,81.146
20110430035800,81.146,81.150,81.143,81.149
20110430035900,81.148,81.148,81.100,81.100
20110430040000,81.099,81.120,81.094,81.095
20110430040100,81.097,81.101,81.078,81.090
20110430040200,81.090,81.098,81.084,81.085
20110430040300,81.085,81.091,81.085,81.087
20110430040400,81.087,81.100,81.087,81.100
20110430040500,81.100,81.109,81.100,81.101
20110430040600,81.101,81.103,81.098,81.100
20110430040700,81.100,81.109,81.094,81.108
20110430040800,81.108,81.113,81.105,81.109
20110430040900,81.109,81.114,81.109,81.113
20110430041000,81.110,81.111,81.108,81.110
20110430041100,81.109,81.113,81.109,81.111
20110430041200,81.111,81.112,81.107,81.112
20110430041300,81.112,81.113,81.108,81.109
20110430041400,81.109,81.110,81.087,81.087
20110430041500,81.087,81.093,81.081,81.088
20110430041600,81.078,81.079,81.065,81.069
20110430041700,81.069,81.075,81.067,81.073
20110430041800,81.074,81.079,81.073,81.078
20110430041900,81.078,81.078,81.063,81.064
20110430042000,81.064,81.071,81.064,81.071
20110430042100,81.074,81.082,81.072,81.082
20110430042200,81.082,81.089,81.074,81.074
20110430042300,81.074,81.079,81.074,81.078
20110430042400,81.078,81.081,81.076,81.079
20110430042500,81.080,81.081,81.074,81.075
20110430042600,81.075,81.077,81.073,81.073
20110430042700,81.073,81.081,81.073,81.081
20110430042800,81.081,81.082,81.076,81.077
20110430042900,81.077,81.079,81.069,81.069
20110430043000,81.069,81.069,81.062,81.062
20110430043100,81.062,81.063,81.061,81.061
20110430043200,81.061,81.062,81.050,81.051
20110430043300,81.051,81.051,81.042,81.049
20110430043400,81.049,81.050,81.043,81.043
20110430043500,81.043,81.053,81.043,81.048
20110430043600,81.049,81.074,81.049,81.074
20110430043700,81.073,81.083,81.066,81.070
20110430043800,81.070,81.077,81.066,81.067
20110430043900,81.067,81.067,81.067,81.067
20110430044000,81.067,81.069,81.065,81.065
20110430044100,81.065,81.066,81.054,81.055
20110430044200,81.055,81.068,81.054,81.068
20110430044300,81.068,81.068,81.059,81.061
20110430044400,81.061,81.065,81.061,81.061
20110430044500,81.061,81.062,81.056,81.056
20110430044600,81.056,81.057,81.054,81.056
20110430044700,81.056,81.063,81.053,81.062
20110430044800,81.062,81.063,81.060,81.063
20110430044900,81.063,81.071,81.059,81.070
20110430045000,81.070,81.070,81.062,81.070
20110430045100,81.070,81.085,81.070,81.082
20110430045200,81.082,81.083,81.070,81.071
20110430045300,81.071,81.072,81.066,81.066
20110430045400,81.066,81.073,81.066,81.071
20110430045500,81.071,81.074,81.068,81.069
20110430045600,81.069,81.081,81.069,81.079
20110430045700,81.077,81.083,81.074,81.081
20110430045800,81.080,81.095,81.076,81.095
20110430045900,81.095,81.127,81.092,81.119
20110430050000,81.111,81.121,81.111,81.121
20110430050100,81.121,81.142,81.121,81.132
20110430050200,81.133,81.140,81.133,81.139
20110430050300,81.139,81.140,81.129,81.131
20110430050400,81.131,81.139,81.118,81.123
20110430050500,81.123,81.124,81.118,81.121
20110430050600,81.121,81.132,81.121,81.123
20110430050700,81.123,81.125,81.121,81.121
20110430050800,81.121,81.122,81.106,81.110
20110430050900,81.110,81.112,81.108,81.112
20110430051000,81.112,81.119,81.108,81.112
20110430051100,81.112,81.112,81.111,81.112
20110430051200,81.112,81.117,81.111,81.113
20110430051300,81.113,81.120,81.108,81.112
20110430051400,81.112,81.117,81.110,81.114
20110430051500,81.113,81.115,81.113,81.114
20110430051600,81.114,81.114,81.103,81.105
20110430051700,81.104,81.105,81.100,81.102
20110430051800,81.102,81.104,81.099,81.101
20110430051900,81.099,81.099,81.082,81.087
20110430052000,81.087,81.091,81.082,81.082
20110430052100,81.082,81.084,81.081,81.082
20110430052200,81.082,81.089,81.076,81.089
20110430052300,81.088,81.093,81.086,81.089
20110430052400,81.089,81.093,81.087,81.092
20110430052500,81.092,81.092,81.088,81.088
20110430052600,81.088,81.092,81.087,81.091
20110430052700,81.091,81.097,81.091,81.097
20110430052800,81.097,81.103,81.094,81.102
20110430052900,81.102,81.108,81.096,81.103
20110430053000,81.102,81.106,81.090,81.092
20110430053100,81.092,81.098,81.086,81.095
20110430053200,81.095,81.098,81.094,81.094
20110430053300,81.094,81.094,81.091,81.092
20110430053400,81.092,81.095,81.091,81.095
20110430053500,81.095,81.096,81.088,81.092
20110430053600,81.092,81.094,81.089,81.094
20110430053700,81.094,81.099,81.088,81.098
20110430053800,81.098,81.102,81.094,81.099
20110430053900,81.099,81.119,81.099,81.119
20110430054000,81.123,81.126,81.122,81.124
20110430054100,81.124,81.126,81.121,81.121
20110430054200,81.121,81.132,81.115,81.116
20110430054300,81.122,81.124,81.122,81.123
20110430054400,81.123,81.128,81.120,81.123
20110430054500,81.122,81.144,81.122,81.144
20110430054600,81.144,81.144,81.133,81.137
20110430054700,81.137,81.141,81.128,81.134
20110430054800,81.134,81.144,81.123,81.136
20110430054900,81.144,81.167,81.139,81.164
20110430055000,81.165,81.181,81.164,81.181
20110430055100,81.181,81.181,81.169,81.178
20110430055200,81.178,81.203,81.171,81.203
20110430055300,81.203,81.218,81.194,81.201
20110430055400,81.197,81.212,81.195,81.210
20110430055500,81.211,81.247,81.192,81.199
20110430055600,81.199,81.225,81.199,81.221
20110430055700,81.209,81.229,81.189,81.215
20110430055800,81.215,81.219,81.200,81.206
20110430055900,81.210,81.242,81.197,81.210
